exp14 trigger branch exp14-pr-target-20260710141613
created_at=2026-07-10T14:16:18.713490Z
updated_at=2026-07-10T14:30:57.989179+00:00
exp15_update=2026-07-11T01:02:42.040355+00:00
